677 2.09653333 29.09082805 2.07
746 2.29204036 59.15021814 2.28
765 2.35224949 -45.74698836 3.88
1067 3.30895828 15.18361593 2.83
1562 4.85701265 -8.82382948 3.56
1599 5.00797581 -64.8776232 4.23
1645 5.14943435 8.19024803 5.38
2021 6.41334183 -77.25503511 2.82
2072 6.55048418 -43.67990933 3.93
2081 6.57028075 -42.30512197 2.4
2484 7.88566992 -62.95808549 4.36
3092 9.83165567 30.86122579 3.27
3179 10.12661349 56.53740928 2.24
3419 10.89678452 -17.9866841 2.04
3760 12.07226858 7.29991977 5.92
3881 12.45345723 41.07895474 4.53
4427 14.17708808 60.71674966 2.15
4436 14.18790699 38.49925513 3.86
4577 14.65144118 -29.35746436 4.3
4889 15.70452742 31.80433674 5.5
4906 15.73606615 7.89007256 4.27
5165 16.52127713 -46.71849042 3.32
5348 17.0960837 -55.24583235 3.94
5364 17.14693197 -10.181928 3.46
5447 17.43248991 35.62083048 2.07
5742 18.43723014 24.58376482 4.67
6193 19.86657455 27.26408682 4.74
6537 21.00604671 -8.18275372 3.6
6686 21.45251267 60.23540347 2.66
6867 22.0914236 -43.31772906 3.41
7007 22.54559597 6.14393314 4.84
7083 22.81242306 -49.07307701 3.93
7097 22.87080776 15.34583101 3.62
7588 24.42813204 -57.23666007 0.45
7884 25.35794814 5.48760445 4.45
8102 26.02136441 -15.93955597 3.49
8198 26.34828629 9.15764102 4.26
8645 27.86504416 -10.33494526 3.74
8796 28.27041595 29.57939727 3.42
8832 28.38235506 19.29409264 3.88
8833 28.38890233 3.18747844 4.61
8837 28.41174872 -46.30244631 4.39
8886 28.59868107 63.67014686 3.35
8903 28.65978771 20.80829949 2.64
9007 28.98680207 -51.60958673 3.69
9236 29.69113269 -61.56992444 2.86
9487 30.51166929 2.76376048 3.82
9640 30.97466283 42.32984832 2.1
9884 31.79285757 23.46277743 2.01
10064 32.38550383 34.98739204 3.0
10324 33.25004577 8.8467523 4.36
10602 34.12708452 -51.51211145 3.56
10670 34.32848216 33.84732099 4.03
10826 34.83661103 -2.97706055 6.47
11001 35.43759585 -68.6594239 4.08
11345 36.48755111 -12.290452 4.88
11407 36.74627081 -47.70382692 4.24
11484 37.03965786 8.4600887 4.3
11767 37.94614689 89.26413805 1.97
11783 38.02198846 -15.2443199 4.74
12093 38.9687042 5.59330163 4.87
12387 39.87061789 0.3285168 4.08
12390 39.89054885 -11.87158159 4.83
12394 39.8967653 -68.2669476 4.12
12413 39.94966387 -42.89163328 4.74
12484 40.16491631 -54.54992422 5.21
12486 40.16638213 -39.85530905 4.11
12706 40.82551897 3.23617162 3.47
12770 41.03064356 -13.85867594 4.24
12828 41.23488901 10.11421979 4.27
12843 41.27492276 -18.57265077 4.47
13147 42.27233113 -32.40628403 4.45
13209 42.49578911 27.26079044 3.61
13254 42.64547584 38.31890838 4.22
13268 42.67413655 55.89552955 3.77
13701 44.10668245 -8.89760976 3.89
13847 44.5654818 -40.30473491 2.88
13954 44.92873469 8.90740111 4.71
14135 45.56991279 4.08992539 2.54
14146 45.59830468 -23.62433613 4.08
14240 45.90376552 -59.73761994 5.12
14328 46.19912598 53.50645031 2.91
14354 46.29373754 38.84053298 3.32
14576 47.04220716 40.9556512 2.09
14879 48.01783332 -28.98910623 3.8
15197 48.95844499 -8.8198405 4.8
15474 49.87904033 -21.7579421 3.7
15510 49.97177014 -43.07154929 4.26
15863 51.08061889 49.86124281 1.79
15900 51.20349011 9.02906504 3.61
16228 52.26722684 59.94033461 4.21
16537 53.23509009 -9.45830584 3.72
16611 53.44686638 -21.63281597 4.26
17358 55.7311754 47.7876533 3.01
17378 55.81231706 -9.76519868 3.52
17440 56.04814541 -64.80709398 3.84
17448 56.07969347 32.28827325 3.84
17651 56.71245432 -23.248438 4.22
17678 56.80929799 -74.23924251 3.26
17797 57.14926223 -37.62012878 4.3
17847 57.29054669 24.05352412 3.62
17874 57.36367035 -36.2001125 4.17
17959 57.58948256 71.33236777 4.59
18246 58.53299363 31.88365776 2.84
18505 59.3559814 63.07224944 4.95
18532 59.46342138 40.01027315 2.9
18597 59.68640623 -61.40015059 4.56
18614 59.74124892 35.79102701 3.98
18724 60.17008591 12.49037571 3.41
19747 63.5003388 -42.29387294 3.85
19780 63.60596306 -62.47397888 3.33
19893 64.00621426 -51.48709578 4.26
19921 64.12118133 -59.30174841 4.44
20042 64.47341068 -33.79833145 3.55
20205 64.94805793 15.62770031 3.65
20455 65.73344722 17.5425843 3.77
20535 66.00902233 -34.01698632 3.97
20648 66.37215593 17.92798917 4.3
20889 67.15388879 19.18052092 3.53
20894 67.16531219 15.8709468 3.4
21060 67.70874038 -44.95374351 5.07
21281 68.49882684 -55.04500559 3.3
21393 68.88779874 -30.56231049 3.81
21421 68.98000195 16.50976164 0.87
21444 69.07975243 -3.352448 3.93
21594 69.54529558 -14.303587 3.86
21770 70.14092957 -41.86357034 4.44
21861 70.51435953 -37.14476616 5.04
21881 70.56126452 22.95697545 4.27
21949 70.76644496 -70.93111187 5.53
22109 71.37558764 -3.25462465 4.01
22449 72.45890935 6.96124744 3.19
22509 72.65300943 8.90025258 4.35
22549 72.80152507 5.60510146 3.68
22701 73.2236682 -5.45275591 4.36
22730 73.34481369 2.50826491 5.33
22783 73.51254425 66.34266029 4.26
22845 73.7237672 10.15114511 4.64
23015 74.24840098 33.16613537 2.69
23123 74.63709525 1.71403506 4.47
23453 75.61950025 41.07588953 3.69
23685 76.36521705 -22.37085673 3.19
23875 76.96264146 -5.08626282 2.78
23972 77.28659571 -8.75407607 4.25
24244 78.07453075 -11.86914287 4.45
24305 78.2328046 -16.20542901 3.29
24327 78.30785422 -12.94128833 4.36
24436 78.63446353 -8.20163919 0.18
24608 79.17206517 45.99902927 0.08
24845 79.89385817 -13.17677698 4.29
24873 79.99596151 -12.31560456 5.29
25110 80.64073869 79.23075701 5.08
25336 81.28278416 6.34973451 1.64
25428 81.57290804 28.60787346 1.65
25606 82.06135971 -20.75923214 2.81
25859 82.8030645 -35.47043592 3.86
25918 82.96942437 -76.3416634 5.18
25930 83.00166562 -0.2990934 2.25
25985 83.18255798 -17.82229227 2.58
26069 83.40631813 -62.48985585 3.76
26207 83.78449043 9.93416294 3.39
26311 84.05338572 -1.20191725 1.69
26451 84.41118447 21.14259299 2.97
26634 84.91224975 -34.07404941 2.65
26727 85.18968672 -1.94257841 1.74
27072 86.11656241 -22.44748663 3.59
27100 86.19341279 -65.7355408 4.34
27288 86.73895728 -14.82194717 3.55
27321 86.82118054 -51.06671329 3.85
27366 86.93911641 -9.66960186 2.07
27530 87.45656999 -56.1664886 4.5
27628 87.7398034 -35.76929225 3.12
27654 87.82980343 -20.87751376 3.76
27890 88.52458376 -63.09102096 4.65
27913 88.59618305 20.27641498 4.39
27989 88.79287161 7.40703634 0.45
28103 89.10132627 -14.16803805 3.71
28199 89.38421613 -35.28330688 4.36
28328 89.78662719 -42.81510761 3.96
28360 89.88237261 44.94743492 1.9
28380 89.93015897 37.21276409 2.65
28614 90.59579323 9.64736756 4.12
28716 90.9799315 20.13845865 4.64
28734 91.0300689 23.26363207 4.16
28910 91.53889172 -14.93528629 4.67
29038 91.89300774 14.76852318 4.42
29151 92.24126844 2.49972675 5.7
29426 92.98498656 14.20881425 4.45
29434 93.01365054 16.13044684 4.95
29651 93.71390194 -6.27472737 3.99
29655 93.71956952 22.50682376 3.31
29807 94.13806399 -35.14073157 4.37
30060 94.90579498 59.01090518 4.44
30122 95.07827982 -30.06337656 3.02
30277 95.52852147 -33.43627251 3.85
30324 95.6749475 -17.95591658 1.98
30343 95.73996302 22.51385027 2.87
30419 95.94207368 4.59283881 4.39
30438 95.98787763 -52.69571799 -0.62
30867 97.20447548 -7.03305042 3.76
30883 97.24079361 20.2121672 4.13
31416 98.76408302 -22.96483318 4.54
31592 99.17082883 -19.25570928 3.95
31681 99.42792641 16.39941482 1.93
31685 99.44029869 -43.19592394 3.17
32246 100.98304088 25.13115531 3.06
32349 101.28854105 -16.71314306 -1.44
32362 101.3226398 12.89605513 3.35
32607 102.04807134 -61.94197988 3.24
32759 102.46027285 -32.50848752 3.5
32768 102.48390349 -50.61439973 2.94
33018 103.1972503 33.96136985 3.6
33160 103.54783633 -12.03859273 4.08
33165 103.55436047 -23.92834798 6.65
33347 104.03427636 -17.05424675 4.36
33449 104.31916052 58.42305973 4.35
33579 104.65644451 -28.97208931 1.5
33856 105.42979876 -27.93484165 3.49
33977 105.75613986 -23.83330131 3.02
34045 105.93955493 -15.63325876 4.11
34088 106.02723079 20.57029939 4.01
34444 107.09785853 -26.39320776 1.83
34481 107.18676883 -70.49919435 3.78
34693 107.78496505 30.24528065 4.41
34769 107.96608486 -0.49278056 4.15
35037 108.70275679 -26.77268601 4.01
35228 109.20762844 -67.95717248 3.97
35264 109.28568399 -37.09748689 2.71
35350 109.52336162 16.54047526 3.58
35550 110.0307889 21.98233941 3.5
35904 111.02377104 -29.30311979 2.45
36046 111.43198371 27.79828561 3.78
36145 111.67858726 49.21164489 4.61
36188 111.78780121 8.28940893 2.89
36377 112.3078263 -43.30189129 3.25
36850 113.65001898 31.88863645 1.58
36962 113.98071783 26.89600343 4.06
37279 114.82724194 5.22750767 0.4
37447 115.31198612 -9.55108315 3.94
37504 115.45498347 -72.60613528 3.93
37740 116.11195237 24.39812929 3.57
37826 116.33068263 28.02631031 1.16
38146 117.2570691 -24.91224336 5.32
39429 120.89612561 -40.00318846 2.21
39757 121.88625899 -24.30443677 2.83
39794 121.98266997 -68.61713647 4.35
39863 122.14857362 -2.98377649 4.36
39953 122.38314727 -47.33661177 1.75
40526 124.12895101 9.18566295 3.53
40702 124.6302785 -76.91998251 4.05
40843 125.01613464 27.21862138 5.13
41037 125.62860299 -59.50953829 1.86
41075 125.70887544 43.18837233 4.25
41312 126.43435936 -66.13652042 3.77
41704 127.56679232 60.7184311 3.35
42313 129.41419739 5.70379868 4.14
42402 129.68936993 3.34147477 4.45
42515 130.02556894 -35.30830091 3.97
42536 130.07337168 -52.92197259 3.6
42568 130.15431317 -59.76101468 4.31
42799 130.80619315 3.39866539 4.3
42806 130.82172127 21.46859609 4.66
42828 130.89811451 -33.18641133 3.68
42911 131.17129209 18.15486399 3.94
42913 131.17582214 -54.70856797 1.93
43103 131.67430955 28.76000509 4.03
43109 131.6943593 6.41890691 3.38
43234 132.10825351 5.83788486 4.35
43409 132.63338051 -27.71005869 4.02
43813 133.84868687 5.9455277 3.11
44066 134.62165408 11.85777198 4.26
44127 134.80349479 48.04234956 3.12
44248 135.16146765 41.78344401 3.96
44382 135.61166181 -66.39584369 4.0
44471 135.90649494 47.15665934 3.57
44700 136.63245022 38.45225024 4.56
44816 136.99907126 -43.43262406 2.23
45080 137.74210535 -58.96693014 3.43
45238 138.30100329 -69.71747245 1.67
45336 138.59080529 2.31502422 3.89
45556 139.27261834 -59.27526115 2.21
45688 139.71111394 36.80289763 3.82
45860 140.26441169 34.39252592 3.14
45941 140.52845511 -55.01069531 2.47
46390 141.8968826 -8.65868335 1.99
46509 142.28682816 -2.76895627 4.59
46651 142.67547063 -40.46688763 3.6
46733 142.88154025 63.06179545 3.65
46776 142.99556148 -1.18465438 4.54
46853 143.21802191 51.67860208 3.17
46952 143.5557374 36.39761338 4.54
47908 146.4629267 23.77427792 2.97
48319 147.74871542 59.03910437 3.78
48356 147.86951033 -14.84654997 4.11
48402 148.02650069 54.06428574 4.55
48455 148.19149028 26.00708498 3.88
48774 149.2156452 -54.5677973 3.52
48926 149.71808346 -35.89093311 5.23
49583 151.83313948 16.76266572 3.48
49593 151.85718812 35.24469176 4.49
49641 151.98456489 -0.37162786 4.48
49669 152.09358075 11.96719513 1.36
49841 152.64748785 -12.35383921 3.61
50099 153.43449551 -70.03792169 3.29
50191 153.68447399 -42.12206281 3.85
50335 154.17251805 23.4173284 3.43
50371 154.27085535 -61.33231977 3.39
50372 154.27469564 42.91446855 3.45
50583 154.99234054 19.84186032 2.01
50801 155.58251355 41.4994335 3.06
51069 156.52293768 -16.83609584 3.83
51172 156.78814953 -31.06780228 4.28
51232 156.96977108 -58.73940856 3.81
51233 156.97121865 36.70747818 4.2
51437 157.57292935 -0.63697208 5.08
51839 158.86757668 -78.60781379 4.11
51986 159.32606984 -48.22561631 3.84
52419 160.73927802 -64.39447937 2.74
52468 160.88461543 -60.56662705 4.58
52727 161.69217542 -49.42012517 2.69
52943 162.40596699 -16.19413208 3.11
53229 163.32766612 34.21556641 3.79
53253 163.3731926 -58.85326474 3.78
53740 164.94478664 -18.29909723 4.08
53910 165.4599615 56.38234478 2.34
54061 165.93265365 61.75111888 1.81
54463 167.14748181 -58.97504198 3.93
54539 167.41608092 44.49855337 3.0
54682 167.91452617 -22.82560642 4.46
54872 168.52671705 20.52403384 2.56
54879 168.56017036 15.4297631 3.33
55282 169.83551103 -14.77904358 3.56
55687 171.15252245 -10.85938276 4.81
55705 171.22076335 -17.68401748 4.06
56211 172.85120199 69.33112161 3.82
56343 173.25107936 -31.85752405 3.54
56480 173.69046642 -54.26413167 4.62
56561 173.94553448 -63.01982488 3.11
56633 174.17061875 -9.80225368 4.7
57283 176.19066226 -18.35061467 4.71
57363 176.40236386 -66.72884344 3.63
57380 176.46487734 6.52981394 4.04
57399 176.51305887 47.77933701 3.69
57632 177.26615977 14.57233687 2.14
57936 178.22733867 -33.90813014 4.29
58001 178.45725536 53.69473296 2.41
58188 179.00409802 -17.15080863 5.17
59196 182.08976505 -50.72240999 2.58
59199 182.10313607 -24.72877993 4.02
59316 182.53135773 -22.61979211 3.02
59747 183.78648733 -58.74890179 2.79
59774 183.85603795 57.03259792 3.32
59803 183.95194937 -17.5419837 2.58
60000 184.58726633 -79.31226899 4.24
60030 184.66790853 -0.7871448 5.9
60718 186.64975585 -63.09905586 0.77
60742 186.73469831 28.26861975 4.35
60823 187.01004828 -50.2306048 3.91
60965 187.4665965 -16.51509397 2.94
61084 187.79137202 -57.11256922 1.59
61174 188.01868646 -16.19586556 4.3
61199 188.11712896 -72.1329759 3.84
61281 188.37101041 69.78820992 3.85
61317 188.43788561 41.35676779 4.24
61359 188.59680864 -23.39662306 2.65
61585 189.29618208 -69.13553358 2.69
61932 190.38002079 -48.95988553 2.2
61941 190.41667557 -1.44952231 2.74
62322 191.57029013 -68.10809405 3.04
62434 191.93049537 -59.68873246 1.25
62956 193.5068041 55.95984301 1.76
63090 193.90201366 3.39759862 3.39
63125 194.00767051 38.31824617 2.89
63608 195.54483557 10.95910186 2.85
64166 197.26367917 -23.11797275 4.94
64241 197.49812263 17.52911621 4.32
64394 197.97051117 27.87603769 4.23
64962 199.7302224 -23.17141246 2.99
65109 200.15027321 -36.71208109 2.75
65378 200.98091604 54.92541525 2.23
65474 201.2983523 -11.16124491 0.98
65936 202.76111861 -39.40727983 3.9
66249 203.673978 -0.59593821 3.38
66657 204.97196962 -53.46636269 2.29
67301 206.8856088 49.31330288 1.85
67459 207.36957439 15.79780583 4.05
67464 207.3762392 -41.68765971 3.41
67472 207.40419934 -42.47368506 3.47
67927 208.6713175 18.39858742 2.68
68002 208.88514539 -47.28826634 2.55
68282 209.6698807 -44.8035314 3.87
68520 210.41159648 1.54458338 4.23
68702 210.95601898 -60.3729784 0.61
68756 211.09760837 64.37580873 3.67
68933 211.67218608 -36.36869575 2.06
69427 213.22392088 -10.274044 4.18
69673 213.91811403 19.18726997 -0.05
69701 214.00368717 -5.99952622 4.07
70576 216.54500648 -45.37926095 4.33
70638 216.73225313 -83.66785308 4.31
71053 217.95774098 30.37114497 3.57
71075 218.01982421 38.30788348 3.04
71352 218.87688163 -42.15774562 2.33
71536 219.47187965 -49.42575765 4.05
71683 219.92041034 -60.83514707 -0.01
71795 220.28716819 13.72833113 3.78
71860 220.48239101 -47.38814127 2.3
71908 220.62785433 -64.97456957 3.18
71957 220.76484284 -5.6574291 3.87
72105 221.24687869 27.07417383 2.35
72220 221.56246594 1.8929383 3.73
72370 221.96552567 -79.04471242 3.83
72607 222.67664751 74.15547596 2.07
72622 222.71990536 -16.04161047 2.75
73273 224.63314193 -43.13386699 2.68
73334 224.79041254 -42.10414199 3.13
73555 225.48663804 40.39063671 3.49
73714 226.01775793 -25.28185602 3.25
74395 228.07167982 -52.09907465 3.41
74666 228.87543241 33.31510222 3.46
74785 229.25196591 -9.38286694 2.61
74824 229.3790009 -58.80087882 4.07
74946 229.72787007 -68.67946723 2.87
75097 230.1822884 71.83397308 3.0
75141 230.34306833 -40.64745946 3.22
75177 230.45181856 -36.26116729 3.57
75323 230.84440733 -59.32069839 4.48
75458 231.2324337 58.96602354 3.29
75695 231.95771631 29.10549164 3.66
76127 233.23248309 31.35915517 4.14
76267 233.67162293 26.71491041 2.22
76276 233.7007926 10.53885916 3.8
76297 233.78525156 -41.16669497 2.8
76333 233.88141398 -14.78955365 3.91
76552 234.51384287 -42.56748493 4.34
76952 235.68599269 26.29551419 3.81
77055 236.01443312 77.79449901 4.29
77070 236.06664914 6.42551971 2.63
77233 236.54672877 15.42192602 3.65
77450 237.18503586 18.1417793 4.09
77512 237.39874182 26.06854936 4.59
77516 237.40527375 -3.43014112 3.54
77622 237.70371344 4.4775798 3.71
77634 237.7397573 -33.62710488 3.97
77760 238.16747684 42.44998796 4.6
77853 238.45615438 -16.7296223 4.13
77952 238.78670013 -63.42974973 2.83
78072 239.11247598 15.66473327 3.85
78159 239.39709121 26.87802632 4.14
78265 239.71300283 -26.1140428 2.89
78384 240.03058543 -38.39664079 3.42
78401 240.08338225 -22.62162024 2.29
78493 240.36079431 29.85107821 4.98
78527 240.4737656 58.56443739 4.01
78639 240.80358419 -49.22972074 4.65
78820 241.35931206 -19.80539286 2.56
78970 241.81739481 -36.75553887 5.72
79509 243.36972631 -54.63041289 4.95
79822 244.37708768 75.75470385 4.95
79882 244.58016994 -4.69260809 3.23
79992 244.93519958 46.31327084 3.91
80000 244.96069832 -50.15537923 4.01
80170 245.48018203 19.15302185 3.74
80331 245.99794523 61.51407536 2.73
80582 246.79603256 -47.5547359 4.46
80763 247.35194804 -26.43194608 1.06
80816 247.55525697 21.4896485 2.78
81065 248.36443409 -78.89695917 3.86
81126 248.52578863 42.43689565 4.2
81266 248.97066423 -28.21596156 2.82
81377 249.28970847 -10.5671518 2.54
81693 250.32282132 31.60188695 2.81
81833 250.72391068 38.92246103 3.48
81852 250.7725818 -77.51657182 4.23
82080 251.49233961 82.03725071 4.21
82273 252.16610742 -69.02763503 1.91
82363 252.44629764 -59.04131648 3.77
82396 252.54268738 -34.29260982 2.29
82514 252.96766195 -38.04732717 3.0
82671 253.49886366 -42.36201968 4.7
83000 254.41779418 9.37505626 3.19
83081 254.65512817 -55.99005508 3.12
83207 255.07252582 30.92633926 3.92
83895 257.19677111 65.71463676 3.17
84012 257.59442659 -15.72514757 2.43
84143 258.038233 -43.23849039 3.32
84379 258.75801735 24.83958739 3.12
84380 258.76189282 36.80915527 3.16
84606 259.41785775 37.29134328 4.64
84880 260.2068148 -12.846882 4.32
85112 260.92072033 37.14592396 4.15
85258 261.32498828 -55.52982397 2.84
85267 261.34858274 -56.37768824 3.31
85670 262.60823708 52.30135901 2.79
85693 262.68457505 26.1106045 4.41
85727 262.77490395 -60.68360667 3.6
85755 262.85396193 -23.96258036 4.78
85792 262.96050661 -49.87598159 2.84
85822 263.05373826 86.58632924 4.35
85829 263.06616249 55.17280674 4.86
85927 263.40219373 -37.10374835 1.62
86032 263.73335321 12.56057584 2.08
86228 264.32969072 -42.99782155 1.86
86263 264.39677181 -15.39840835 3.54
86414 264.86621847 46.00632216 3.82
86565 265.35381884 -12.87517268 4.24
86670 265.62199908 -39.02992092 2.39
86742 265.86823714 4.56691684 2.76
86929 266.43334347 -64.7237345 3.61
86974 266.61549553 27.72249917 3.42
87072 266.89011276 -27.83076255 4.53
87073 266.89617137 -40.12698197 2.99
87585 268.38178961 56.87245216 3.73
87808 269.06324389 37.25052158 3.86
87833 269.15157439 51.48895101 2.24
87933 269.44096106 29.24792527 3.7
88635 271.45218586 -30.42365007 2.98
88714 271.65782832 -50.09145462 3.65
88794 271.88562824 28.76247025 3.84
88866 272.14496186 -63.66804844 4.33
89341 273.44086963 -21.05883031 3.84
89642 274.4072049 -36.76128103 3.1
89931 275.24842337 -29.82803914 2.72
89937 275.25974572 72.73369763 3.55
89962 275.32883578 -2.897122 3.23
90098 275.80675239 -61.49390506 4.35
90185 276.04310967 -34.3843146 1.79
90422 276.74345947 -45.96832919 3.49
90496 276.99278955 -25.42124732 2.82
90568 277.20723319 -49.07003097 4.1
90595 277.29938301 -14.56580499 4.67
90887 278.08877815 -39.70390941 5.16
91117 278.80182442 -8.24330819 3.85
91262 279.23410832 38.78299311 0.03
91792 280.75889095 -71.42772867 4.01
91875 280.94558795 -38.32331062 5.11
91971 281.19306613 37.60505025 4.34
92041 281.41397083 -26.9907794 3.17
92175 281.79365558 -4.74782871 4.22
92202 281.87073367 -5.70507074 5.38
92420 282.51997462 33.36267788 3.52
92609 283.05431892 -62.18756062 4.22
92791 283.62620294 36.89860518 4.22
92814 283.67964704 -15.60302217 5.08
92855 283.81631956 -26.29659428 2.05
92946 284.05483475 4.20352956 4.62
92953 284.07071918 -42.71060161 5.35
92989 284.16871114 -37.34318339 5.36
93015 284.23766942 -67.23353511 4.4
93085 284.43241556 -21.10662433 3.52
93174 284.68114151 -37.10708855 4.83
93194 284.73593568 32.68955312 3.25
93244 284.90578844 15.06847757 4.02
93506 285.65301428 -29.88011429 2.6
93542 285.77846922 -42.09499443 4.74
93683 286.17055765 -21.74135451 3.76
93747 286.3525518 13.86370983 2.99
93805 286.56229139 -4.88233456 3.43
93825 286.60433158 -37.06275714 4.23
93864 286.73517629 -27.66981416 3.32
94005 287.08722077 -40.4966376 4.57
94114 287.36782635 -37.90423953 4.11
94160 287.50730185 -39.34070677 4.1
94376 288.13814581 67.66131695 3.07
94648 288.8887238 73.35521457 4.45
94779 289.27545794 53.36816064 3.8
94820 289.40868994 -18.95288215 4.88
95168 290.41823037 -17.84725155 3.92
95294 290.8044192 -44.79964788 4.27
95347 290.97146411 -40.61564629 3.96
95501 291.37396941 3.11457923 3.36
95771 292.17671261 24.66516482 4.44
95853 292.42641389 51.72946747 3.76
95947 292.68035529 27.9596948 3.05
96406 294.00687266 -24.71901737 5.64
96757 295.02409394 18.01393839 4.39
96837 295.26222378 17.47612356 4.39
97165 296.24350878 45.13069195 2.86
97278 296.56487567 10.61326869 2.72
97365 296.84693842 18.53425912 3.68
97433 297.04255658 70.26783533 3.84
97649 297.6945086 8.86738491 0.76
97804 298.11818257 1.00567827 3.87
98032 298.81532954 -41.8684135 4.12
98036 298.82819233 6.40793334 3.71
98110 299.07665069 35.08349079 3.89
98337 299.68911516 19.49209287 3.51
98412 299.93405965 -35.27624433 4.37
98495 300.14747226 -72.91018443 3.97
98543 300.27504217 27.75356392 4.66
98688 300.66441367 -27.70987972 4.43
98920 301.28947757 19.99087704 5.09
99240 302.17441713 -66.17932101 3.55
99473 302.82610327 -0.82147569 3.24
100064 304.5134103 -12.54485877 3.58
100345 305.25269347 -14.78140119 3.05
100453 305.55708346 40.2566815 2.23
100751 306.41187347 -56.73488071 1.94
101421 308.30318657 11.30333217 4.03
101769 309.38695734 14.59520289 3.64
101772 309.39162365 -47.29166239 3.11
101958 309.90939395 15.9120527 3.77
102098 310.3579727 45.28033423 1.25
102281 310.86477381 15.07468224 4.43
102395 311.2398153 -66.20323826 3.42
102485 311.52402547 -25.27051682 4.13
102488 311.55180091 33.96945334 2.48
102532 311.66465833 16.12477326 4.27
102618 311.91888574 -9.49568988 3.78
102831 312.49199793 -33.7796732 4.89
102978 312.95540084 -26.91912642 4.12
103227 313.70241509 -58.4540947 3.67
103738 315.32275695 -32.25776681 4.67
104139 316.48658082 -17.23271095 4.08
104521 317.58529617 10.13194861 4.7
104732 318.23408977 30.22708128 3.21
104858 318.61995883 10.00771855 4.47
104987 318.95581976 5.2480739 3.92
105140 319.48436063 -32.17248551 4.71
105199 319.64408982 62.58545529 2.45
105319 319.96618253 -53.44926434 4.39
105515 320.56157261 -16.83455521 4.28
105570 320.72325739 6.81111338 5.16
105858 321.61038385 -65.36814438 4.21
105881 321.66678212 -22.41137838 3.77
106032 322.16489595 70.56069481 3.23
106278 322.88966951 -5.57115593 2.9
106985 325.02225935 -16.66225343 3.69
107089 325.36863801 -77.38946215 3.73
107310 326.03501874 28.74322228 4.49
107315 326.04641808 9.87500791 2.38
107354 326.16126755 25.64500284 4.14
107556 326.75952199 -16.12656595 2.85
107608 326.93405546 -30.89830582 5.02
108085 328.48189202 -37.3648229 3.0
108661 330.20922938 -28.45373726 5.43
109074 331.44593869 -0.31982656 2.95
109111 331.52876518 -39.54304903 4.47
109139 331.60918894 -13.86954013 4.29
109176 331.75197729 25.3450461 3.77
109268 332.05781838 -46.96061593 1.73
109352 332.30698173 33.1724976 5.58
109422 332.53534803 -32.54844042 4.94
109427 332.54924902 6.197789 3.52
109492 332.71359131 58.20124992 3.39
109937 333.9923757 37.74873483 4.14
110003 334.20819329 -7.78323706 4.17
110130 334.62574257 -60.25949486 2.87
110395 335.41374983 -1.38735315 3.86
110538 335.89015172 52.22949951 4.42
110609 336.1291488 49.47640074 4.55
110960 337.20750231 -0.02006304 3.65
110997 337.31730866 -43.49555433 3.97
111022 337.38259473 47.70689488 4.34
111104 337.62192333 43.12338985 4.52
111123 337.66172918 -10.67788619 4.82
111169 337.82239898 50.28244976 3.76
111188 337.87620651 -32.34602798 4.29
111497 338.83887054 -0.11736123 4.04
111954 340.16385653 -27.0436148 4.18
112029 340.36531181 10.83139111 3.41
112122 340.66639531 -46.88456594 2.07
112158 340.75053573 30.22130866 2.93
112405 341.51551393 -81.38161731 4.13
112440 341.63267663 23.56567939 3.97
112447 341.67267295 12.17408381 4.2
112623 342.13832136 -51.31670354 3.49
112716 342.39795761 -13.59253756 4.05
112724 342.42046735 66.20071089 3.5
112748 342.5004181 24.60168486 3.51
112961 343.15360192 -7.57967878 3.73
113136 343.6626635 -15.82075994 3.27
113246 343.98705005 -32.53970196 4.2
113368 344.41177323 -29.62183701 1.17
113638 345.22030979 -52.75410562 4.11
113881 345.94305575 28.08245462 2.44
113963 346.1900702 15.20536786 2.49
114131 346.71986858 -43.52032436 4.28
114341 347.36150879 -21.17248555 3.68
114421 347.58928308 -45.24664747 3.88
114855 348.97198728 -9.08769554 4.24
114971 349.28955677 3.28224524 3.7
114996 349.35755018 -58.23592762 3.99
115102 349.70594501 -32.53183574 4.41
115438 350.7429228 -20.10034505 3.96
115738 351.73293881 1.25583758 4.95
115830 351.99236589 6.37909727 4.27
116231 353.2424506 -37.81835895 4.38
116727 354.83742516 77.63196681 3.21
116771 354.98675133 5.62735374 4.13
116928 355.51200741 1.7804172 4.49
118268 359.82750994 6.86359373 4.03
